45.3600351,-75.5340763
45.3509092,-75.5565272
45.3495351,-75.5557588
45.3406122,-75.5782373
45.3403653,-75.5788665
45.3402458,-75.5791109
45.3401263,-75.5793553
45.3400285,-75.57951
45.3399308,-75.5796647
45.3397258,-75.5799104
45.3395208,-75.5801562
45.3390433,-75.5806424
45.3385658,-75.5811286
45.338236,-75.5815168
45.3380983,-75.5817423
45.3379606,-75.5819678
45.3378366,-75.5822059
45.3377125,-75.5824439
45.3375447,-75.5828422
45.3361077,-75.5865527
45.3339742,-75.592086
45.3328837,-75.5949132
45.33106,-75.5996407
45.3307982,-75.6001105
45.330371,-75.6003898
45.3303238,-75.6004242
45.3302078,-75.6005536
45.3300043,-75.6009906
45.3289756,-75.6034882
45.3256512,-75.6116285
45.32163,-75.6214881
45.3213651,-75.6219461
45.3209049,-75.6227804
45.3200428,-75.6243096
45.3199013,-75.6245898
45.3192691,-75.6258154
45.3191131,-75.6261252
45.3186099,-75.6273893
45.3162019,-75.6333338
45.3128867,-75.6416277
45.3113661,-75.645331
45.3111546,-75.6458371
45.3110323,-75.6460482
45.3109236,-75.6462359
45.3107055,-75.646558
45.3104875,-75.6468801
45.3102301,-75.6473559
45.3101593,-75.6475227
45.3086441,-75.6512821
45.3081888,-75.6523856
45.3078421,-75.6529519
45.3076735,-75.6532733
45.3072929,-75.6541334
45.3054543,-75.6586113
45.2997003,-75.6725069
45.2978847,-75.676893
45.2986347,-75.6773157
45.2930229,-75.6903887
45.292076,-75.6926461
45.2919617,-75.6930174
45.2917078,-75.6940155
45.2925139,-75.6941187
45.2930008,-75.6942584
45.2938198,-75.69459
45.294287,-75.6948075
45.2949005,-75.6950283
45.2951799,-75.6950881
45.2954592,-75.6951479
45.2955988,-75.695165
45.2957384,-75.6951821
45.2961613,-75.6951762
45.2965842,-75.6951701
45.2974378,-75.6950415
45.2982913,-75.6949128
45.3006989,-75.6945831
45.300739,-75.6947731
45.3001935,-75.6960262
45.2996145,-75.6973563
45.2995018,-75.6977782
45.2994962,-75.6979026
45.2994461,-75.698495
45.2995195,-75.6984892
45.2995225,-75.6985644
45.3021147,-75.6982851
45.3037296,-75.6977329
45.304843,-75.6969861
45.3053377,-75.6966129
45.3060056,-75.6961559
45.3071065,-75.6955249
45.3082246,-75.6953332
45.3093964,-75.6955484
45.3103078,-75.6960389
45.3116804,-75.6970055
45.3123218,-75.6973495
45.3126226,-75.6974556
45.3127707,-75.6974756
45.3136597,-75.6975733
45.3150501,-75.6980612
45.3155031,-75.6982093
45.3159089,-75.6982919
45.3165684,-75.6984481
45.3168724,-75.6984659
45.3173083,-75.6984045
45.3175133,-75.6982685
45.3176989,-75.6980783
45.3179502,-75.6977223
45.318447,-75.6969751
45.3187347,-75.6964341
45.3188857,-75.6961964
45.3189571,-75.6960988
45.3190579,-75.6960312
45.319188,-75.6959714
45.3194368,-75.6958906
45.3197325,-75.6958423
45.3199956,-75.6958579
45.3202766,-75.6959311
45.3207354,-75.6958476
45.3229944,-75.6903787
45.3226156,-75.690155
45.3226068,-75.6901498
45.3228465,-75.6895698
45.322864,-75.6895273
45.3233409,-75.6883956
45.3234836,-75.6880495
45.3235575,-75.6878703
45.3203955,-75.6852512
45.3227786,-75.6794693
45.3245348,-75.680458
45.3286558,-75.6704566
45.3309985,-75.6755305
45.3320151,-75.673063
45.3324813,-75.673449
45.3326628,-75.6730084
45.3369362,-75.6765476
45.3369896,-75.6764181
45.3390867,-75.6713272
45.3391226,-75.6713474
45.3393501,-75.6714756
45.3396282,-75.6716321
45.3399592,-75.6718185
45.3404718,-75.6721071
45.3408825,-75.6723383
45.3415192,-75.6726967
45.341743,-75.672149
45.3419061,-75.6717499
45.342113,-75.6712438
45.3422578,-75.6708894
45.3424171,-75.6704997
45.3424184,-75.6704964
45.3425092,-75.6702743
45.3425105,-75.670271
45.3433665,-75.6681767
45.3434573,-75.6679546
45.3440518,-75.6664939
45.3447193,-75.6648375
45.3451897,-75.6651136
45.3452628,-75.6651569
45.345561,-75.6644193
45.3459646,-75.663421
45.3468393,-75.6612574
45.3469263,-75.661035
45.3470835,-75.660653
45.3471607,-75.6604623
45.3477013,-75.6591235
45.3482225,-75.6578339
45.348312,-75.6576127
45.3485163,-75.6571061
45.3486527,-75.6567719
45.3488588,-75.6562598
45.349962,-75.6535186
45.3511747,-75.6541853
45.3624597,-75.6608014
45.3645132,-75.6547702
45.3663172,-75.6499893
45.3740019,-75.6543644
45.388976,-75.6175273
45.3929507,-75.6075802
45.3944919,-75.6027814
45.398158,-75.5928067
45.3995851,-75.5931595
45.4010616,-75.5938429
45.4024304,-75.5947049
45.4041705,-75.596246
45.4052199,-75.597069
45.4062828,-75.5976266
45.4073915,-75.598073
45.4083901,-75.5983665
45.4094838,-75.5988795
45.4103919,-75.5995502
45.4111144,-75.6003785
45.4116695,-75.6012116
45.4123084,-75.5971935
45.4124896,-75.5961383
45.4129994,-75.5927234
45.4138892,-75.5867662
45.4149915,-75.5794785
45.4165635,-75.5691356
45.4170138,-75.5660561
45.4142987,-75.5644178
45.4122185,-75.5631488
45.4109339,-75.5623268
45.4107079,-75.5621894
45.4104364,-75.5620042
45.4102918,-75.5619276
45.4095228,-75.5614303
45.4085463,-75.5608715
45.4073979,-75.5602006
45.404975,-75.5588355
45.4049207,-75.5587981
45.4024434,-75.5573956
45.3981305,-75.5549254
45.3963492,-75.5538949
45.3946496,-75.5529525
45.3937911,-75.552507
45.3929603,-75.5521632
45.3925807,-75.5519652
45.3849952,-75.5476989
45.3828345,-75.5465091
45.379218,-75.5444758
45.3782236,-75.5439307
45.3779069,-75.543719
45.3776254,-75.5434173
45.377224,-75.5427729
45.3771059,-75.5426344
45.3769609,-75.5425092
45.3767893,-75.5424354
45.3764747,-75.542479
45.3762864,-75.5425588
45.3759365,-75.5426924
45.3757566,-75.5426954
45.3755853,-75.54266
45.3719783,-75.5406908
45.3718156,-75.5406042
45.3706763,-75.5399597
45.3696547,-75.5394023
45.369465,-75.5393162
45.3692554,-75.5392072
45.3690131,-75.5390812
45.3688413,-75.538982
45.3681904,-75.5386228
45.3669246,-75.5379166
45.366798,-75.5378421
45.3640588,-75.5363565
45.3602965,-75.5342244
45.3600351,-75.5340763
