45.438518,-75.620875
45.4384264,-75.6210995
45.4382879,-75.6214399
45.4377693,-75.6227142
45.437758,-75.622742
45.4376757,-75.6229444
45.4374287,-75.6235514
45.4372695,-75.6239425
45.4371518,-75.6242316
45.4370103,-75.6245717
45.4369211,-75.6247985
45.436829,-75.625025
45.4367822,-75.62514
45.4367479,-75.6252243
45.4366643,-75.6254297
45.4365351,-75.625747
45.4363852,-75.6261154
45.4362462,-75.6264569
45.4361545,-75.6266823
45.4360158,-75.6270229
45.4359243,-75.6272477
45.435783,-75.6275947
45.4356333,-75.6279625
45.4354606,-75.6283866
45.4353455,-75.6286694
45.4351599,-75.6291254
45.4350155,-75.6294798
45.4348578,-75.629867
45.4347617,-75.630103
45.4346019,-75.6304953
45.4344505,-75.6308668
45.4343819,-75.6310354
45.4342039,-75.6314722
45.434007,-75.6319557
45.4338676,-75.6322979
45.4331614,-75.6340405
45.4330689,-75.6342673
45.4331212,-75.6342958
45.4330225,-75.634661
45.4328514,-75.6345677
45.4326451,-75.63508
45.4327205,-75.635121
45.4321919,-75.6364173
45.432159,-75.6364983
45.4320871,-75.6366755
45.4320151,-75.6368526
45.4319637,-75.6369793
45.4319122,-75.637106
45.43183,-75.6373085
45.4317478,-75.6375109
45.4316793,-75.6376796
45.4316732,-75.6376948
45.4315802,-75.6379238
45.4314889,-75.6381495
45.4313153,-75.6385752
45.4312176,-75.6388665
45.43112,-75.6391577
45.4308616,-75.6399285
45.4306032,-75.6406992
45.4305945,-75.6407253
45.4305423,-75.6408949
45.4242409,-75.6373618
45.420289,-75.6350843
45.4194103,-75.6474763
45.4191521,-75.6513386
45.4189968,-75.6522613
45.4184736,-75.654039
45.4179725,-75.655427
45.4176622,-75.6564847
45.4176332,-75.6566588
45.4174592,-75.6577001
45.4173257,-75.6590561
45.4169906,-75.6627573
45.4180266,-75.6631221
45.4191763,-75.6642205
45.4201233,-75.6657732
45.4212191,-75.6671911
45.4224511,-75.6680361
45.424119,-75.6683568
45.4255097,-75.6691597
45.4265109,-75.6704463
45.4286181,-75.6713507
45.4288824,-75.6676973
45.4290137,-75.6659189
45.4292116,-75.6632543
45.4295572,-75.6587704
45.4297087,-75.6568661
45.4298856,-75.6544884
45.4298206,-75.6544782
45.4300012,-75.6518874
45.4300282,-75.6515119
45.4300541,-75.6511509
45.430082,-75.6507633
45.4301098,-75.6503757
45.4301281,-75.6501199
45.43016,-75.6496547
45.4301787,-75.6494182
45.4301942,-75.6491256
45.4321013,-75.6493878
45.4320973,-75.6494885
45.4339626,-75.6504397
45.4339428,-75.6507263
45.4343829,-75.6509781
45.4351033,-75.6513903
45.4351221,-75.651191
45.4356026,-75.6514598
45.436446,-75.651859
45.4364353,-75.6520134
45.4367004,-75.652163
45.4390112,-75.6534767
45.4399873,-75.6504919
45.440945,-75.6511144
45.4416313,-75.6516396
45.4438832,-75.6534627
45.443921,-75.6534959
45.4440478,-75.6535972
45.4442335,-75.6537453
45.4443939,-75.6538733
45.4445823,-75.6540237
45.4447,-75.6541176
45.4448177,-75.6542115
45.4449353,-75.6543054
45.445053,-75.6543993
45.4453626,-75.6546463
45.4453379,-75.6549868
45.4453082,-75.6553961
45.4451906,-75.6570323
45.4451615,-75.6574407
45.4451476,-75.6576361
45.4451309,-75.6578705
45.4448956,-75.6611265
45.4446561,-75.6643975
45.444621,-75.6648797
45.4445506,-75.6658485
45.444488,-75.6667693
45.4444496,-75.6673512
45.4444242,-75.6677355
45.4446482,-75.6680776
45.4447699,-75.6682633
45.4453827,-75.6692354
45.4452315,-75.6692144
45.4452005,-75.6694619
45.4451084,-75.6699185
45.4451016,-75.6699438
45.4450926,-75.669981
45.4450545,-75.6700589
45.4450075,-75.6701261
45.444942,-75.6701937
45.444732,-75.6702621
45.444265,-75.670384
45.4439952,-75.6704135
45.4436629,-75.670495
45.4432769,-75.6706285
45.4430348,-75.6707471
45.4426138,-75.6710217
45.4424084,-75.6712292
45.4420961,-75.6716044
45.4420161,-75.6717334
45.441662,-75.6725439
45.4415649,-75.672801
45.4414324,-75.6731481
45.4411756,-75.673727
45.441016,-75.6740489
45.4409539,-75.6741776
45.4406959,-75.6745904
45.4402688,-75.6752486
45.4401893,-75.6754542
45.4401405,-75.6755508
45.4399954,-75.6760195
45.4398448,-75.676354
45.439551,-75.6767928
45.4393632,-75.676949
45.4392738,-75.6770397
45.4384228,-75.6777187
45.4384686,-75.6778203
45.4383178,-75.6779112
45.4380738,-75.6781015
45.4375125,-75.6785729
45.4380838,-75.6802501
45.438414,-75.6819188
45.4386103,-75.6834749
45.4385417,-75.6843525
45.4377628,-75.6853466
45.4371001,-75.6868968
45.4368701,-75.6887595
45.4371621,-75.6903491
45.4377512,-75.6916157
45.4388021,-75.6920257
45.4397387,-75.6921452
45.4406262,-75.6932748
45.4410243,-75.6939864
45.443064,-75.7013025
45.4451383,-75.7007245
45.4470905,-75.699043
45.4504379,-75.695593
45.453504,-75.6916758
45.4556098,-75.6884467
45.4581304,-75.6837884
45.4589713,-75.6818372
45.4602887,-75.6787937
45.4613735,-75.6757467
45.4629084,-75.6704801
45.4635002,-75.6671872
45.4640317,-75.6636283
45.465292,-75.650964
45.4656407,-75.6454738
45.4661045,-75.6391438
45.4667951,-75.6349892
45.4687861,-75.6274229
45.4609817,-75.6230827
45.4572678,-75.6210177
45.4530656,-75.6187047
45.4503819,-75.6172698
45.4457594,-75.6147402
45.4449507,-75.6143181
45.4440105,-75.6137576
45.4432967,-75.6133852
45.4418664,-75.61261
45.4408355,-75.6151493
45.438518,-75.620875
